8
1 500 488 200 42 265 13 99
-0.148844
-0.077900
0.006908
0.164422
-0.069495
0.012902
-0.126767
0.298106
0.208600
-0.008686
0.118656
0.131625
-0.033912
-0.196289
0.096017
-0.052899
0.067703
0.088124
0.049367
-0.013377
0.022753
0.182730
-0.203431
-0.050792
0.147705
-0.169858
-0.268238
-0.040841
0.258924
-0.122339
0.107634
0.013197
-0.243857
0.021515
-0.168350
-0.016609
-0.174183
0.253887
-0.015644
0.140889
0.013486
-0.124928
0.241932
0.391693
-0.154265
0.064305
0.045284
0.197160
-0.005509
0.155756
0.217773
-0.076674
-0.106618
-0.222157
-0.073355
0.031205
-0.140574
0.017091
0.046306
0.047700
0.024140
-0.122476
0.065217
0.243188
-0.026081
-0.309044
0.136309
0.246474
-0.005258
-0.118427
-0.219819
0.025605
-0.171470
-0.000250
-0.102432
-0.058622
0.162802
0.051518
-0.108239
-0.142519
-0.043012
0.047704
0.094736
-0.054092
-0.116061
-0.316379
0.002440
0.201884
-0.071519
0.059143
-0.020523
-0.101003
0.182208
0.112648
0.083372
0.014567
-0.133427
-0.009565
0.228844
0.928131
0.148581
-0.249108
-0.291425
0.246052
-0.100005
-0.087380
0.200888
-0.155269
0.018877
-0.195886
0.086979
-0.014184
-0.266411
-0.005469
0.124734
-0.174713
0.244153
0.014596
-0.092496
-0.203581
0.071990
0.125467
-0.111807
-0.186234
-0.056597
-0.182145
-0.015244
-0.182537
0.027840
0.239772
0.102200
0.000049
0.175332
0.186545
-0.026261
-0.036001
0.003157
-0.039388
0.111685
-0.119254
0.210578
-0.077278
-0.236290
-0.270356
0.041927
-0.142130
-0.147885
-0.212691
0.073903
-0.009002
-0.083694
-0.092281
-0.002298
0.174969
0.227300
-0.166157
-0.034075
-0.127208
0.090289
0.362952
0.015285
-0.217023
0.120901
-0.295903
-0.004895
0.391354
0.003225
0.133917
-0.094209
-0.037654
0.032459
0.011804
0.088304
0.110444
-0.100434
-0.028715
-0.083391
-0.095433
0.082540
-0.061673
0.194149
-0.002245
0.388919
-0.214867
0.242183
-0.063664
0.067662
0.100548
0.316894
0.350086
0.101883
0.225106
-0.165527
0.139587
0.245719
0.137125
-0.138492
-0.179427
-0.325940
0.060256
-0.033443
0.114304
0.071216
0.366306
-0.134172
-0.062495
0.323304
0.052224
-0.040905
0.036486
-0.225363
0.209056
0.039402
-0.069587
0.070775
-0.118980
0.183970
0.096260
0.054923
-0.047030
-0.127572
0.153401
0.048304
0.187035
-0.043952
0.339379
-0.008834
0.122881
0.128640
-0.013088
0.199008
0.045666
0.027248
-0.169520
0.319719
-0.041972
-0.168515
0.201234
-0.006885
0.343439
0.300081
-0.210887
-0.009980
-0.282082
-0.062916
-0.123334
-0.095969
-0.033558
-0.143264
-0.132231
0.023901
0.053740
-0.039336
-0.179994
0.132943
0.034530
0.171132
-0.064460
0.165107
0.315125
-0.021840
0.048985
-0.217234
-0.069393
0.376642
0.303222
0.193430
0.162435
0.073639
-0.342890
0.088340
-0.066070
-0.190009
-0.215691
0.124031
-0.158158
0.381088
0.096527
0.001685
0.171498
0.012031
0.060840
0.225171
0.116624
-0.184455
0.112279
0.003652
0.075682
-0.271744
0.210409
0.014317
0.214174
0.248666
0.024081
0.204823
0.155239
0.111482
-0.001163
-0.020977
-0.013210
-0.187618
-0.120036
0.270279
0.141327
0.123667
0.148177
-0.036322
-0.378358
0.027971
-0.153299
-0.135162
-0.051753
-0.041448
0.031538
-0.336435
0.036827
-0.170011
0.136777
0.181213
0.024660
0.088981
-0.063330
0.153157
-0.054253
0.211885
0.123918
0.227937
0.025349
-0.110755
-0.007012
-0.254693
-0.027467
-0.119364
0.098724
0.049426
0.203927
-0.195820
0.030633
-0.390199
0.188118
-0.132044
0.071640
-0.250701
0.047948
-0.011428
0.005160
0.048663
0.015858
0.099077
0.242710
-0.030966
0.046365
-0.351328
0.129194
-0.203425
-0.113077
0.351372
-0.167047
-0.154084
-0.294781
-0.015200
0.212587
0.276262
0.117966
-0.238972
-0.089307
-0.171827
0.065533
0.149326
-0.159863
-0.227703
0.038932
-0.073245
0.088240
0.313630
0.155652
-0.000422
0.246053
0.129058
-0.006017
0.046488
0.121550
0.018752
-0.216722
-0.102596
0.077218
-0.134562
-0.128356
-0.265413
-0.111881
0.264267
0.056500
-0.106243
-0.267054
-0.242521
0.232935
0.195434
0.189439
0.292484
0.099827
0.047257
0.323905
0.239238
-0.146237
0.236086
0.133380
0.228816
0.192545
0.235629
-0.021632
-0.175788
0.111372
0.067673
-0.129407
-0.201839
0.217626
0.062471
0.176788
-0.174014
-0.097482
-0.100257
-0.159861
-0.168874
0.074215
-0.006230
0.270667
-0.411819
0.093217
-0.125981
0.179671
0.133568
0.213569
0.233012
0.131325
-0.080892
-0.195814
-0.054368
0.185767
-0.068072
0.244705
0.009312
-0.010706
-0.040521
0.267687
-0.145947
-0.050696
-0.035977
-0.099534
0.279922
-0.322600
-0.042405
0.133584
0.097565
-0.018413
0.149523
-0.174104
0.164443
-0.226295
0.105094
-0.070608
0.355158
0.356744
-0.041683
-0.349426
0.347527
-0.295787
0.039989
0.062119
-0.082150
-0.094577
-0.122125
-0.253632
0.216272
-0.165543
0.045470
0.334957
-0.221735
-0.010943
-0.053312
0.141819
0.021423
0.308003
-0.093382
0.124876
-0.006021
-0.069266
0.082926
0.208078
0.076618
-0.232295
0.144754
-0.264040
0.010895
-0.151622
-0.262815
-0.016592
-0.354663
-0.040031
0.178849
0.010221
-0.051425
-0.031431
0.040410
-0.102504
-0.070761
-0.091677
-0.109901
-0.078573
-0.091751
-0.226409
-0.076917
0.061670
